545 330
505 348
555 387
568 396
581 400
596 401
610 401
608 385
680 386
817 382
820 401
847 406
988 373
1021 364
1083 356
1087 380
1201 420
1198 552
990 555
980 517
732 525
538 530
298 526
133 524
26 521
106 466
112 481
243 481
243 456
182 449
218 450
265 434
270 404
260 388
216 385
181 382
178 357
158 350
155 344
101 348
82 373
67 337
17 337
41 318
56 284
57 265
90 258
203 282
271 302
325 309
365 294
382 281
401 298
418 312
448 308
520 308
593 297
663 276
671 286
637 303
623 313
596 317
580 320
563 325

837 449
840 433
896 434
896 445
